eval_loss = 0.3149722770849864
loss = 0.0902728139928409
rmse = 0.3149722756279479
