eval_loss = 0.3125361641568522
loss = 0.10013353676209605
rmse = 0.31247402195915397
