eval_loss = 0.2802031011657512
loss = 0.09185070666336567
rmse = 0.28217433774855816
