eval_loss = 0.3457923185825348
loss = 0.08869997736598764
rmse = 0.3457923213900913
