eval_accuracy = 0.42333333333333334
eval_loss = 0.31987204154332477
loss = 0.156739043955292
