eval_loss = 0.4592703441356091
loss = 0.4189545918847913
rmse = 5.384184718844886
