eval_loss = 0.2835041361470376
loss = 0.09408748301306391
rmse = 0.2833456921851568
